3,4,5,7,10,11,13  			->ALF.CU.13910117.019
1,2,4,6,10,13   			->ALF.EC.13901207.026
1,5,6 					->ALF.EC.13910204.022
1,4,6,7,9,11,16 			->ALF.EC.13910204.024
1,4,6,8					->ALF.EC.13910204.025
2,6,8					->ALF.PO.13910203.021
1,4,8,12				->ALF.PO.13910204.020
2,6,7					->ALF.PO.13910204.027
1,4,5,10,14,15				->ALF.SC.13910131.018
1,7,11,15,25,28,33,38,41,43,48,54,59	->ALF.SO.13910126.023
3,6,10					->ALF.SO.13910130.017
2,3,6,8					->ALF.SO.13910203.075
1,10,11,12				->FAR.CU.13910203.004
1,2,3,5,6,12,13				->FAR.CU.13910203.005
1,2,5,6,10,15				->FAR.EC.13910129.014
